4	108
12	52
20	52
20	83
24	32
24	199
43	93
44	15
44	22
44	132
44	186
44	187
44	197
49	47
54	106
63	93
63	94
86	11
88	47
98	86
101	38
107	180
124	79
126	26
131	51
131	136
145	115
148	40
154	40
154	134
154	220
163	84
163	179
166	106
180	137
182	16
182	18
194	175
199	28
206	63
216	90
216	143
216	155
216	156
216	174
216	193
216	209
216	240
238	24
246	45
248	25
248	79
248	192
257	13
267	80
268	101
269	12
269	58
269	95
269	138
282	71
282	191
287	18
295	52
303	51
303	76
306	28
308	47
308	53
308	109
312	241
328	82
338	79
338	81
338	153
338	168
340	79
340	164
340	167
340	170
340	171
340	172
342	21
354	90
355	77
356	69
356	160
363	111
368	147
377	14
379	7
407	52
407	76
410	43
414	81
414	84
416	65
424	11
427	103
446	105
446	113
446	132
458	109
460	99
462	231
463	90
466	53
466	88
466	102
470	21
472	124
483	60
485	8
506	98
509	47
516	74
527	152
528	33
528	81
528	195
528	224
528	249
532	198
552	99
553	15
556	68
564	47
564	101
564	106
570	10
570	114
570	139
572	13
572	73
572	187
576	157
577	67
578	6
580	153
583	178
588	123
590	88
594	40
594	141
594	161
611	114
621	8
621	16
621	73
651	62
651	215
658	74
659	148
660	131
670	95
671	76
672	91
683	7
683	33
683	124
683	149
693	49
694	64
713	245
714	35
714	130
715	26
715	94
718	199
723	52
723	82
723	147
733	58
736	147
737	175
740	144
742	143
750	108
750	109
757	26
757	101
757	105
757	112
757	142
757	152
758	98
759	8
759	62
759	79
759	134
760	68
760	129
760	163
790	130
803	43
803	58
807	137
810	93
810	146
810	211
812	61
816	94
816	198
817	195
826	95
834	14
836	161
836	190
838	15
838	75
840	51
840	147
853	31
854	39
854	134
854	178
857	11
866	82
875	93
876	125
878	22
878	62
878	125
893	34
922	71
955	70
956	105
958	164
960	52
977	202
979	24
979	31
984	136
987	7
987	76
987	160
987	208
987	253
987	254
1007	25
1010	126
1017	55
1020	12
1020	101
1020	147
1034	118
1034	153
1034	164
1065	122
1066	104
1070	12
1070	51
1070	61
1070	78
1070	109
1073	53
1074	139
1075	78
1075	105
1077	38
1077	61
1082	123
1085	86
1085	100
1085	158
1085	237
1099	51
1099	69
1106	75
1106	97
1106	117
1106	235
1108	112
1113	54
1114	12
1114	101
1114	200
1114	255
1122	51
1125	21
1125	44
1128	16
1128	135
1132	38
1132	62
1134	38
1134	55
1134	121
1134	140
1134	190
1138	140
1140	21
1154	63
1154	65
1156	13
1159	116
1161	39
1162	65
1162	121
1163	40
1163	87
1163	131
1163	191
1163	196
1163	248
1165	83
1168	15
1168	49
1168	66
1168	81
1168	97
1169	40
1169	100
1176	128
1179	54
1189	138
1194	123
1202	131
1211	54
1212	28
1216	66
1222	55
1222	116
1231	68
1237	128
1238	17
1244	29
1244	117
1244	126
1244	178
1247	93
1266	90
1271	6
1275	9
1275	83
1275	86
1281	199
1282	111
1300	126
1300	132
1319	60
1329	93
1331	115
1345	125
1345	127
1356	61
1356	140
1361	179
1362	70
1372	41
1380	167
1380	252
1382	27
1388	27
1399	86
1401	90
1404	19
1404	117
1415	17
1415	174
1415	219
1430	39
1432	19
1440	115
1449	6
1460	31
1461	46
1461	55
1461	139
1468	143
1468	180
1487	7
1487	24
1487	88
1487	186
1488	102
1488	105
1488	187
1505	31
1512	111
1514	121
1529	25
1529	35
1529	136
1529	148
1558	51
1562	69
1562	89
1562	149
1562	150
1562	153
1562	168
1562	169
1568	148
1572	87
1584	43
1588	210
1593	163
1602	16
1602	95
1606	114
1610	194
1617	153
1630	90
1630	131
1639	220
1647	71
1648	115
1648	143
1648	178
1648	203
1648	226
1648	236
1657	196
1657	210
1664	72
1667	174
1667	175
1678	26
1678	67
1685	219
1714	60
1714	173
1717	69
1736	171
1774	83
1774	221
1778	27
1778	155
1789	9
1789	15
1789	24
1789	122
1789	125
1806	207
1808	165
1835	70
1840	23
1845	174
1845	183
1867	8
1867	99
1896	11
1908	92
1923	68
1923	158
1924	152
1929	21
1931	26
1957	25
1957	76
1969	41
1969	84
1969	117
1969	174
1969	188
1971	60
1971	79
1971	155
1976	128
1976	193
2009	112
2023	212
2041	24
2046	167
2052	48
2052	49
2055	24
2055	134
2055	146
2059	16
2059	30
2059	45
2059	190
2062	144
2078	124
2096	42
2108	59
2108	68
2113	48
2115	64
2119	253
2136	53
2144	9
2150	123
2159	189
2171	181
2173	23
2173	112
2188	66
2195	24
2198	15
2198	108
2219	107
2220	103
2221	82
2221	208
2237	20
2253	211
2275	51
2278	70
2278	75
2278	121
2288	6
2297	122
2298	7
2302	113
2308	138
2312	19
2322	76
2323	94
2328	166
2346	11
2346	36
2346	53
2350	189
2367	25
2367	81
2367	91
2382	22
2392	106
2412	33
2418	11
2430	22
2435	106
2437	145
2437	146
2437	147
2439	68
2439	120
2440	9
2465	117
2465	139
2465	143
2465	145
2465	146
2465	153
2465	154
2465	156
2465	164
2465	178
2465	180
2473	39
2473	136
2473	178
2479	13
2479	124
2481	116
2483	134
2486	112
2493	81
2493	116
2501	38
2502	21
2512	152
2530	60
2530	85
2543	207
2543	211
2549	62
2549	151
2561	151
2561	154
2565	136
2567	22
2579	77
2580	70
2591	113
2595	84
2595	87
2595	118
2604	79
2606	149
2616	113
2616	250
2623	83
2623	86
2623	91
2624	69
2624	102
2645	91
2645	109
2645	123
2653	67
2666	125
2666	126
2679	114
2682	72
2682	180
2695	36
2760	71
2760	139
2760	192
2762	75
2762	110
2801	93
2806	68
2835	172
2835	241
2857	101
2859	186
2895	10
2895	66
2895	80
2905	19
2905	123
2916	17
2916	165
2924	94
2928	93
2929	169
2931	29
2958	162
2959	12
2959	171
2962	26
2962	110
2962	115
2986	48
2986	102
2992	117
2992	187
2993	16
3008	7
3008	8
3008	211
3022	16
3034	67
3040	236
3065	58
3065	167
3071	27
3071	162
3071	164
3079	25
3079	40
3079	41
3079	79
3099	232
3106	8
3106	11
3106	13
3106	193
3189	203
3202	214
3202	215
3204	195
3204	196
3204	199
3212	113
3238	92
3240	48
3240	106
3241	65
3263	36
3268	217
3273	236
3279	191
3293	152
3304	56
3331	175
3331	191
3341	23
3341	189
3341	245
3352	89
3358	28
3358	33
3358	58
3358	77
3358	108
3358	144
3358	147
3358	151
3358	163
3358	168
3358	192
3358	200
3364	141
3378	172
3380	64
3412	40
3418	85
3432	114
3432	167
3471	117
3480	97
3482	37
3483	26
3483	70
3483	135
3483	160
3496	26
3505	155
3538	38
3540	66
3569	39
3575	239
3591	119
3595	108
3605	9
3607	20
3607	54
3607	55
3607	142
3607	173
3607	200
3629	163
3636	101
3636	160
3641	11
3641	101
3641	127
3644	19
3666	23
3666	42
3666	87
3666	158
3666	169
3684	33
3684	45
3684	173
3686	129
3692	119
3692	181
3704	158
3742	20
3750	11
3750	15
3775	65
3799	123
3801	84
3810	22
3818	69
3837	166
3842	7
3854	106
3863	220
3864	97
3864	100
3864	150
3864	162
3864	170
3864	187
3866	194
3894	146
3895	31
3904	28
3904	60
3904	76
3904	90
3904	134
3933	210
3947	11
3947	198
3947	202
3947	208
3951	15
3965	26
3965	99
3965	152
3974	112
3974	178
3991	93
3994	30
3994	46
3994	48
3994	126
3994	137
3994	145
4024	93
4029	51
4044	22
4044	23
4044	27
4044	95
4053	71
4056	159
4060	61
4082	92
4090	256
4097	13
4097	14
4097	37
4103	103
4103	133
4110	105
4112	152
4123	74
4124	30
4126	9
4126	95
4131	71
4149	156
4150	220
4152	42
4152	114
4155	28
4168	7
4168	113
4179	133
4179	141
4179	167
4179	168
4220	56
4252	99
4262	105
4278	77
4332	15
4332	27
4332	102
4355	164
4370	94
4370	113
4370	114
4370	147
4370	154
4370	184
4378	150
4379	105
4391	138
4402	130
4408	179
4450	22
4454	167
4455	36
4488	26
4488	38
4488	67
4488	161
4489	135
4489	216
4492	107
4492	134
4492	135
4517	37
4553	17
4578	144
4586	57
4598	78
4603	112
4615	12
4619	12
4619	154
4637	58
4642	121
4644	19
4655	18
4655	46
4677	147
4680	305
4722	44
4722	99
4727	75
4727	120
4727	121
4745	44
4745	82
4768	114
4786	47
4833	214
4855	17
4855	119
4896	18
4896	57
4896	59
4896	79
4896	144
4896	157
4896	165
4896	231
4904	24
4904	58
4904	59
4904	112
4904	122
4904	181
4904	206
4904	224
4906	91
4919	135
4927	10
4927	223
4949	66
4959	89
4986	111
4996	115
4996	123
4996	183
4998	43
5010	17
5012	24
5017	33
5017	39
5017	67
5017	102
5017	105
5017	138
5017	239
5017	251
5035	101
5037	12
5042	200
5050	24
5050	62
5050	75
5073	8
5079	32
5079	34
5086	72
5086	95
5086	101
5091	16
5099	44
5125	51
5125	67
5140	37
5140	106
5146	16
5146	234
5167	107
5188	176
5191	133
5193	21
5199	15
5205	12
5205	28
5205	78
5205	140
5208	42
5208	43
5209	142
5211	75
5225	240
5225	256
5227	157
5233	46
5234	188
5241	139
5252	34
5254	62
5256	224
5263	63
5265	145
5287	7
5291	124
5344	14
5354	98
5355	34
5355	104
5361	9
5361	62
5362	46
5378	108
5378	151
5379	124
5384	59
5398	102
5403	120
5403	172
5403	231
5404	55
5404	77
5404	135
5404	175
5404	187
5411	34
5425	14
5425	110
5428	199
5440	20
5440	66
5440	122
5451	119
5451	122
5451	150
5451	151
5471	66
5471	169
5477	107
5489	13
5505	135
5526	52
5535	83
5547	73
5551	91
5559	150
5563	155
5584	71
5594	171
5594	195
5594	211
5594	232
5594	249
5603	22
5615	38
5619	9
5619	12
5625	49
5635	202
5700	71
5709	10
5709	210
5711	24
5735	97
5735	108
5737	84
5741	106
5755	148
5760	77
5778	53
5778	103
5778	139
5780	38
5783	49
5784	85
5786	137
5799	190
5799	206
5799	224
5825	26
5825	51
5839	108
5846	14
5846	125
5848	115
5866	34
5876	47
5876	53
5876	120
5876	196
5897	157
5899	19
5909	71
5914	121
5915	87
5936	101
5947	153
5970	102
5970	189
5972	92
5972	103
5972	173
5972	190
5972	229
5972	247
5973	14
5995	206
6005	72
6006	26
6006	185
6023	11
6023	134
6027	137
6031	75
6033	56
6033	209
6034	23
6041	78
6041	146
6041	205
6058	101
6075	196
6081	73
6081	185
6097	73
6097	83
6104	10
6104	37
6109	23
6109	84
6129	36
6129	66
6133	19
6133	46
6143	42
6143	76
6143	116
6143	236
6152	47
6152	167
6164	108
6169	110
6181	22
6181	134
6188	60
6199	106
6201	51
6203	114
6207	39
6207	132
6207	155
6207	178
6207	197
6214	30
6214	34
6214	87
6236	81
6248	6
6264	162
6264	180
6272	59
6272	93
6273	61
6276	41
6287	13
6287	106
6295	96
6313	18
6313	27
6313	28
6313	29
6323	18
6339	80
6339	94
6340	33
6340	43
6340	59
6340	142
6346	12
6346	60
6353	117
6353	203
6367	93
6374	115
6376	37
6385	53
6411	82
6415	9
6415	38
6415	146
6423	76
6437	23
6437	86
6437	95
6437	165
6437	167
6437	172
6450	58
6452	195
6452	224
6490	112
6503	63
6514	182
6532	29
6532	144
6560	61
6562	91
6575	136
6591	84
6595	119
6612	71
6612	153
6624	49
6624	74
6624	84
6624	85
6625	22
6625	111
6625	136
6625	160
6625	167
6625	196
6625	246
6635	24
6635	38
6635	136
6646	25
6646	128
6646	158
6655	163
6655	205
6657	93
6666	119
6677	36
6677	62
6677	123
6693	7
6697	92
6701	181
6702	136
6709	9
6709	12
6709	13
6709	15
6709	16
6709	17
6709	18
6709	19
6709	20
6709	21
6709	22
6709	32
6709	48
6709	100
6709	108
6709	185
6709	223
6709	225
6709	232
6709	234
6709	235
6713	69
6719	253
6732	156
6746	36
6747	166
6747	224
6763	122
6798	57
6798	68
6798	79
6874	71
6894	26
6899	17
6899	71
6899	152
6900	252
6911	62
6924	14
6924	47
6924	117
6931	16
6931	112
6931	117
6931	133
6931	135
6931	145
6933	236
6942	75
6942	76
6942	143
6942	162
6942	170
6947	150
6964	8
6967	33
6971	148
6972	113
6977	52
6989	265
6994	8
7036	170
7036	230
7050	170
7066	42
7066	148
7074	52
7113	25
7132	27
7134	57
7134	60
7141	81
7163	14
7163	161
7163	229
7163	237
7176	133
7176	142
7177	238
7184	153
7188	145
7204	43
7204	108
7222	59
7222	94
7230	142
7235	100
7248	97
7260	25
7265	52
7265	104
7283	115
7283	153
7284	7
7287	90
7288	252
7290	187
7292	81
7302	39
7302	62
7302	129
7304	134
7313	32
7313	38
7313	94
7313	132
7313	152
7324	39
7324	51
7324	66
7336	197
7370	40
7377	12
7392	40
7392	82
7394	111
7401	89
7403	27
7403	144
7403	150
7407	24
7407	95
7407	122
7407	152
7407	154
7407	212
7407	227
7428	94
7444	161
7456	19
7456	41
7456	74
7456	116
7471	47
7472	89
7478	169
7479	123
7490	31
7492	38
7494	90
7495	11
7495	62
7532	14
7532	62
7532	72
7532	157
7561	80
7561	134
7561	139
7561	177
7561	183
7561	196
7561	204
7565	82
7568	270
7569	114
7569	132
7587	43
7596	170
7611	151
7613	150
7614	27
7614	110
7614	174
7614	204
7622	17
7635	43
7635	48
7635	119
7635	149
7651	50
7651	74
7665	155
7667	26
7672	38
7672	46
7672	55
7672	87
7672	122
7672	203
7672	205
7672	222
7674	91
7674	214
7674	216
7677	153
7699	18
7702	111
7702	112
7706	15
7731	116
7740	116
7746	28
7746	63
7746	77
7746	122
7746	123
7753	44
7753	104
7753	149
7753	158
7770	10
7770	119
7777	103
7777	254
7781	55
7781	87
7794	176
7804	106
7806	208
7830	125
7847	170
7855	81
7855	139
7860	50
7860	71
7867	40
7867	49
7867	54
7879	95
7883	39
7883	99
7884	50
7908	8
7908	56
7908	113
7908	148
7909	117
7922	47
7922	66
7930	114
7933	46
7936	52
7938	65
7957	148
7964	29
7980	18
7983	101
7983	102
7983	117
7997	190
7997	231
8006	105
8006	148
8011	68
8011	143
8011	206
8020	50
8026	37
8037	190
8037	191
8048	58
8048	189
8049	94
8049	98
8049	124
8049	125
8049	178
8058	35
8070	166
8079	17
8107	21
8115	94
8122	44
8122	117
8130	20
8137	59
8142	8
8143	45
8143	121
8143	221
8156	108
8160	183
8164	6
8168	220
8172	164
8180	64
8180	199
8198	11
8198	76
8198	145
8198	168
8198	219
8198	220
8219	49
8229	42
8249	129
8251	100
8260	210
8260	212
8260	216
8260	217
8260	219
8260	220
8260	221
8260	224
8260	235
8260	238
8263	10
8268	102
8275	217
8277	56
8277	159
8277	203
8277	225
8283	123
8294	141
8298	66
8322	113
8327	17
8327	25
8327	80
8345	241
8348	126
8348	137
8348	138
8348	151
8348	153
8360	91
8370	25
8370	101
8375	86
8376	185
8378	65
8378	77
8378	210
8386	89
8389	15
8389	136
8408	63
8417	14
8417	126
8425	196
8440	69
8440	162
8441	54
8452	81
8454	91
8456	36
8456	60
8456	61
8457	230
8470	134
8487	18
8491	38
8491	178
8492	176
8494	209
8523	114
8538	64
8542	80
8543	121
8546	117
8546	133
8546	134
8552	6
8554	155
8565	72
8571	89
8577	49
8580	13
8580	80
8580	126
8580	127
8590	38
8596	71
8606	10
8607	48
8617	11
8617	185
8617	186
8627	204
8638	30
8638	44
8649	160
8655	134
8656	135
8657	28
8660	44
8660	82
8660	89
8696	35
8696	80
8696	85
8696	138
8705	23
8706	42
8729	193
8733	61
8733	156
8733	207
8736	131
8738	16
8749	67
8749	176
8759	34
8759	161
8762	29
8763	114
8779	97
8779	237
8791	10
8807	41
8807	107
8807	109
8807	110
8817	54
8817	59
8817	71
8819	88
8819	107
8830	134
8831	117
8831	141
8831	204
8831	205
8831	221
8836	29
8836	70
8836	131
8845	70
8845	107
8845	177
8861	17
8861	79
8865	89
8868	203
8869	33
8869	157
8869	236
8886	57
8901	44
8901	82
8901	203
8903	53
8903	159
8913	79
8922	127
8929	101
8929	203
8948	17
8969	51
8972	41
8989	52
8989	163
8999	132
9003	23
9010	33
9010	117
9017	8
9024	147
9026	92
9026	201
9026	246
9039	7
9046	8
9046	50
9048	105
9057	203
9059	149
9060	75
9060	122
9060	150
9060	190
9060	219
9074	50
9101	104
9111	151
9112	56
9128	105
9133	86
9135	221
9144	9
9144	85
9144	98
9144	181
9159	103
9162	96
9163	9
9163	93
9167	176
9178	111
9185	65
9200	25
9200	27
9204	10
9211	7
9221	107
9224	94
9224	180
9224	189
9224	211
9230	119
9232	124
9235	65
9235	125
9287	195
9293	156
9294	192
9302	258
9322	52
9324	74
9342	53
9342	201
9343	63
9388	114
9391	64
9391	87
9391	199
9392	151
9406	192
9409	30
9409	85
9410	64
9411	64
9411	122
9441	159
9441	175
9455	50
9455	92
9460	152
9460	176
9462	46
9462	102
9476	15
9476	83
9479	43
9490	80
9494	71
9496	117
9496	207
9498	30
9508	25
9508	48
9538	48
9538	62
9538	139
9538	175
9540	99
9552	30
9552	113
9552	138
9565	85
9575	135
9578	44
9578	87
9578	171
9578	185
9578	186
9579	106
9583	136
9584	34
9584	57
9584	91
9586	88
9592	21
9605	43
9618	28
9618	56
9619	34
9634	48
9637	133
9649	15
9651	170
9651	193
9651	214
9653	99
9660	76
9662	147
9662	155
9681	94
9681	221
9681	236
9681	242
9694	97
9719	75
9726	37
9728	122
9728	265
9729	22
9729	41
9729	112
9729	131
9729	162
9743	45
9754	75
9754	148
9755	66
9755	100
9757	42
9760	49
9780	221
9781	12
9783	213
9796	72
9803	23
9803	57
9803	107
9803	132
9806	143
9834	109
9842	155
9842	192
9844	41
9844	114
9844	134
9847	58
9853	10
9860	97
9872	70
9872	158
9872	209
9872	223
9877	141
9878	17
9883	136
9885	120
9893	171
9899	60
9899	65
9904	67
9910	50
9922	136
9924	128
9924	181
9924	203
9928	130
9931	160
9932	23
9932	45
9932	111
9964	131
9971	67
9971	90
9978	41
9978	48
9978	87
9978	229
9992	103
9992	110
9992	132
9999	108
10010	133
10013	166
10015	122
10015	193
10021	48
10021	145
10021	181
10026	61
10027	106
10027	123
10035	77
10037	179
10048	256
10077	47
10077	57
10080	110
10080	120
10089	28
10089	145
10119	150
10121	198
10125	106
10136	107
10136	198
10148	77
10148	188
10151	13
10151	235
10160	87
10178	72
10186	159
10197	19
10197	40
10199	121
10200	109
10200	142
10200	166
10207	118
10216	19
10229	72
10229	75
10229	195
10234	28
10237	25
10244	163
10245	168
10263	10
10270	182
10287	123
10291	33
10291	45
10291	79
10298	26
10298	75
10323	20
10326	117
10326	181
10338	240
10341	149
10341	153
10341	193
10345	13
10345	41
10345	149
10348	130
10348	135
10348	149
10350	52
10350	81
10350	106
10350	156
10350	164
10370	144
10370	171
10371	222
10388	93
10419	14
10419	21
10419	100
10424	40
10424	99
10431	120
10436	95
10436	149
10436	184
10442	68
10442	224
10443	112
10443	141
10451	200
10451	210
10451	224
10455	46
10457	173
10457	194
10458	209
10462	76
10462	141
10467	168
10505	29
10505	79
10526	116
10527	69
10529	127
10531	129
10531	206
10568	46
10576	24
10586	46
10597	29
10615	108
10615	155
10624	12
10633	55
10633	85
10633	89
10634	45
10639	112
10654	22
10654	152
10661	43
10662	136
10662	149
10671	170
10671	208
10679	146
10684	83
10686	70
10686	75
10703	30
10703	87
10703	122
10706	71
10711	173
10711	193
10712	11
10712	37
10712	42
10712	119
10712	124
10712	147
10712	192
10715	71
10715	122
10715	178
10721	144
10721	145
10723	26
10723	114
10727	27
10727	57
10754	158
10768	45
10768	195
10768	209
10778	74
10796	159
10803	130
10808	164
10822	10
10825	103
10825	167
10825	216
10833	14
10833	175
10833	231
10873	121
10887	12
10887	113
10888	41
10888	43
10892	102
10892	192
10897	188
10901	69
10901	152
10909	167
10917	71
10922	199
10930	91
10954	139
10954	204
10954	260
10997	87
10997	89
11009	22
11023	64
11024	44
11025	85
11025	114
11025	253
11038	86
11047	104
11047	106
11047	118
11047	168
11047	211
11047	224
11050	156
11050	214
11050	232
11058	123
11061	34
11065	163
11068	25
11068	52
11075	184
11078	185
11081	159
11089	14
11090	158
11099	145
11109	139
11113	80
11113	174
11113	204
11116	109
11117	175
11121	200
11128	206
11129	14
11129	91
11129	118
11147	33
11154	48
11161	64
11168	143
11168	144
11180	39
11180	54
11180	142
11180	143
11197	153
11197	157
11197	159
11197	181
11199	52
11209	70
11226	149
11228	38
11229	13
11229	58
11229	95
11231	63
11231	87
11231	93
11231	136
11233	16
11242	81
11242	101
11242	156
11242	173
11252	205
11257	14
11257	68
11257	109
11257	133
11257	148
11257	169
11257	198
11257	239
11260	64
11266	155
11275	20
11279	162
11279	166
11279	183
11282	64
11293	82
11295	153
11295	181
11300	151
11300	158
11310	148
11311	13
11311	30
11311	159
11321	84
11321	115
11332	134
11332	220
11348	80
11364	144
11365	22
11365	166
11384	65
11384	237
11386	83
11386	98
11386	153
11407	149
11417	42
11425	7
11425	70
11425	72
11425	79
11425	142
11431	182
11439	18
11439	33
11439	92
11457	196
11467	212
11469	186
11470	243
11471	22
11491	74
11492	32
11492	33
11492	50
11492	130
11492	138
11492	159
11492	176
11492	177
11492	193
11492	214
11500	170
11501	107
11508	73
11520	130
11534	85
11534	164
11537	71
11537	124
11539	84
11540	14
11552	35
11560	73
11562	22
11565	87
11606	30
11607	109
11609	51
11609	122
11610	113
11610	127
11610	128
11616	139
11619	18
11637	48
11656	39
11658	81
11660	32
11672	44
11679	20
11697	78
11701	64
11701	188
11714	67
11719	12
11722	78
11730	43
11748	95
11748	217
11761	50
11761	172
11762	90
11766	116
11766	138
11770	58
11770	110
11778	8
11778	12
11778	17
11778	50
11783	98
11786	186
11786	203
11787	23
11787	91
11787	193
11800	12
11807	92
11807	123
11807	130
11818	10
11818	50
11827	19
11835	56
11838	88
11847	144
11849	74
11870	68
11870	110
11872	111
11872	184
11873	88
11876	107
11889	34
11895	89
11905	108
11905	187
11924	104
11930	133
11937	185
11938	206
11939	110
11939	160
11939	162
11954	65
11977	128
11979	97
11981	165
11984	95
11993	6
11993	79
11993	137
12003	40
12003	77
12003	153
12017	146
12020	105
12020	219
12028	173
12028	223
12034	10
12035	52
12040	45
12047	22
12064	76
12089	148
12091	106
12092	16
12092	67
12094	8
12094	207
12105	11
12114	142
12123	111
12131	111
12153	40
12164	159
12171	234
12190	22
12190	92
12190	154
12193	13
12200	92
12204	7
12204	120
12204	127
12210	84
12216	44
12216	54
12235	118
12235	124
12242	166
12242	192
12254	87
12254	151
12256	59
12257	152
12264	55
12264	162
12281	118
12285	103
12295	51
12298	69
12298	158
12299	83
12302	125
12312	201
12327	137
12330	107
12340	26
12341	107
12343	56
12381	138
12381	139
12383	110
12383	179
12383	189
12383	190
12383	244
12385	147
12394	36
12394	67
12394	203
12405	34
12405	188
12405	193
12411	91
12422	101
12422	124
12453	61
12453	107
12460	60
12477	248
12483	133
12487	119
12493	217
12494	57
12499	24
12499	65
12499	128
12506	68
12511	21
12511	42
12516	88
12521	22
12522	189
12525	164
12527	161
12537	150
12537	151
12543	63
12551	72
12578	70
12578	88
12592	83
12601	57
12601	158
12612	122
12621	40
12621	122
12624	43
12639	32
12656	41
12656	45
12660	156
12663	41
12663	150
12687	50
12699	55
12699	221
12731	184
12743	78
12743	131
12746	35
12765	56
12765	255
12770	174
12771	157
12772	90
12784	112
12787	41
12788	118
12798	58
12803	50
12803	103
12804	196
12816	13
12816	200
12816	220
12820	43
12820	66
12830	31
12832	18
12833	57
12834	14
12834	19
12850	57
12867	133
12869	104
12870	151
12885	248
12889	14
12910	8
12938	58
12939	111
12941	82
12954	34
12954	71
12954	86
12963	11
12963	37
12963	94
12963	140
12963	143
12973	171
12990	7
12990	24
12990	25
12990	131
12995	131
12998	231
12998	234
13024	108
13034	191
13040	85
13055	144
13055	229
13060	15
13076	211
13084	56
13089	85
13096	145
13098	143
13106	111
13109	142
13109	220
13115	159
13125	103
13125	130
13125	173
13140	8
13140	163
13140	169
13142	69
13142	93
13142	148
13142	188
13142	205
13168	52
13170	41
13177	8
13177	48
13180	71
13180	115
13180	235
13186	91
13186	122
13189	128
13199	96
13215	134
13221	38
13221	178
13226	127
13234	71
13236	165
13241	106
13241	151
13241	152
13241	155
13264	133
13273	8
13273	50
13273	118
13273	127
13273	165
13273	229
13277	46
13277	47
13277	48
13280	50
13288	114
13291	71
13291	86
13291	98
13291	103
13291	138
13291	221
13295	188
13298	26
13298	56
13308	178
13330	161
13339	27
13339	43
13339	160
13339	186
13339	187
13339	198
13359	101
13364	104
13380	83
13380	94
13383	22
13383	85
13383	86
13393	63
13393	196
13408	28
13411	126
13411	160
13412	225
13416	113
13427	54
13427	80
13427	128
13430	27
13430	56
13434	92
13434	123
13441	45
13441	54
13441	115
13441	117
13441	125
13443	33
13443	87
13445	111
13447	153
13459	92
13462	89
13472	137
13477	131
13502	45
13508	119
13513	93
13513	112
13515	207
13518	92
13518	138
13518	168
13520	137
13520	183
13521	143
13529	70
13540	185
13541	66
13541	108
13545	94
13553	53
13560	86
13562	256
13570	203
13577	83
13586	142
13586	228
13586	248
13590	76
13590	121
13600	60
13600	93
13604	73
13606	69
13606	139
13628	63
13634	57
13634	171
13634	200
13634	253
13661	11
13668	88
13668	147
13672	53
13687	18
13690	130
13692	35
13692	96
13692	187
13713	67
13713	160
13725	47
13726	101
13726	153
13726	200
13743	162
13753	170
13756	120
13756	124
13780	77
13780	249
13783	100
13791	46
13794	130
13795	13
13795	120
13795	197
13803	23
13808	152
13810	118
13831	120
13831	172
13861	46
13861	52
13861	76
13865	49
13881	88
13903	155
13911	51
13911	74
13911	183
13918	15
13933	16
13933	123
13933	126
13934	25
13934	57
13934	86
13934	149
13934	159
13934	160
13938	153
13947	47
13948	140
13951	54
13951	93
13951	129
13951	135
13956	235
13958	67
13963	8
13968	53
13968	56
13976	12
13976	13
13976	86
13976	172
13976	257
13977	228
13984	37
13985	85
13985	153
13985	162
13985	177
13986	33
14002	9
14002	13
14002	44
14002	47
14002	55
14002	142
14002	155
14002	165
14002	223
14002	228
14009	38
14009	90
14014	51
14021	75
14021	95
14022	169
14025	139
14029	36
14029	72
14030	54
14042	32
14043	36
14043	82
14045	62
14047	20
14047	50
14047	65
14047	78
14047	132
14060	23
14060	86
14060	122
14077	19
14077	74
14077	78
14094	89
14108	8
14112	62
14113	102
14113	103
14121	165
14121	193
14121	205
14121	207
14132	187
14150	133
14152	131
14157	174
14160	132
14165	67
14180	133
14184	211
14188	45
14188	170
14189	93
14196	28
14196	124
14196	159
14196	218
14198	8
14200	37
14200	77
14200	80
14200	84
14200	102
14200	109
14210	89
14211	117
14222	102
14222	115
14222	242
14223	202
14227	105
14239	25
14239	61
14239	84
14241	34
14267	14
14267	121
14272	202
14290	121
14294	76
14317	154
14317	200
14323	192
14333	35
14333	49
14333	56
14333	122
14338	153
14345	206
14366	161
14366	174
14374	113
14375	129
14382	11
14382	58
14396	184
14400	119
14404	90
14416	19
14425	87
14433	74
14433	77
14433	160
14448	41
14454	126
14456	7
14456	90
14456	105
14456	136
14467	8
14467	158
14467	163
14477	217
14482	66
14482	68
14482	93
14483	161
14483	183
14485	113
14492	164
14501	59
14501	60
14514	9
14514	81
14518	36
14527	188
14528	39
14537	20
14541	173
14541	231
14547	136
14552	7
14552	10
14552	12
14552	90
14565	32
14565	96
14565	127
14565	131
14565	136
14565	150
14565	163
14565	172
14571	123
14576	30
14576	100
14584	56
14584	78
14593	36
14593	40
14593	109
14593	179
14593	231
14611	169
14615	95
14629	38
14629	143
14629	200
14630	11
14630	93
14639	124
14640	90
14671	37
14679	33
14679	112
14680	162
14683	54
14684	115
14690	50
14691	67
14691	112
14708	82
14719	71
14725	131
14738	60
14738	220
14740	14
14744	98
14744	151
14747	11
14747	80
14755	154
14763	220
14782	26
14805	152
14810	118
14812	199
14824	110
14826	29
14826	200
14849	117
14872	102
14883	94
14883	105
14883	160
14883	161
14883	188
14917	110
14917	162
14922	60
14934	98
14934	162
14936	72
14942	115
14948	69
14964	104
14971	134
14971	142
14975	64
14985	102
14990	9
15002	55
15006	153
15010	230
15010	231
15017	41
15017	93
15042	186
15048	8
15048	85
15055	94
15057	41
15057	248
15062	137
15062	221
15071	14
15077	8
15077	73
15079	50
15079	85
15088	231
15092	92
15100	83
15100	101
15109	96
15112	199
15119	94
15126	111
15139	43
15155	185
15168	28
15171	160
15176	112
15180	201
15198	42
15198	105
15206	172
15216	108
15222	48
15225	40
15226	22
15233	264
15244	50
15244	81
15255	69
15255	191
15260	39
15302	40
15312	57
15340	206
15346	34
15346	106
15359	38
15359	54
15359	233
15361	98
15362	44
15363	32
15363	123
15368	61
15381	46
15382	194
15397	83
15397	102
15410	223
15418	76
15418	124
15419	184
15429	73
15436	214
15438	70
15442	112
15443	96
15443	148
15450	109
15450	121
15450	141
15450	239
15452	62
15463	46
15473	53
15473	112
15473	122
15479	177
15482	96
15482	168
15487	57
15492	29
15495	48
15497	108
15499	22
15499	62
15499	177
15509	14
15509	66
15509	92
15509	161
15511	77
15511	104
15513	10
15513	224
15515	7
15573	21
15580	9
15580	37
15590	22
15590	99
15590	233
15598	193
15607	35
15611	70
15611	114
15613	66
15624	137
15630	84
15675	88
15675	117
15675	118
15675	165
15675	243
15683	175
15690	57
15702	120
15724	116
15733	49
15742	27
15742	40
15742	94
15742	163
15747	169
15763	63
15776	38
15776	151
15787	192
15799	177
15801	6
15802	50
15802	110
15816	189
15826	90
15826	94
15826	178
15831	104
15837	98
15870	131
15878	110
15878	111
15882	106
15898	100
15912	58
15919	52
15923	56
15923	109
15937	133
15953	110
15960	65
15964	133
15969	31
15971	119
15985	38
15990	70
15990	104
15992	16
15992	18
16007	83
16011	73
16016	98
16023	218
16025	36
16025	146
16028	44
16048	201
16060	95
16060	98
16064	66
16064	108
16067	103
16074	120
16079	15
16087	16
16087	112
16100	102
16118	12
16118	93
16119	28
16131	77
16149	112
16149	116
16149	162
16169	26
16169	167
16183	105
16190	55
16190	82
16190	84
16192	70
16206	53
16211	150
16215	132
16241	50
16241	86
16244	116
16248	128
16258	103
16259	104
16260	30
16260	42
16260	181
16260	242
16260	252
16267	129
16267	164
16284	77
16305	101
16310	44
16321	236
16322	74
16332	23
16332	80
16333	138
16346	106
16346	180
16353	108
16356	171
16356	187
16364	126
16367	100
16375	135
16385	69
16385	170
16389	103
16389	157
16411	229
16415	26
16437	46
16441	123
16447	88
16451	126
16467	91
16467	96
16474	161
16474	179
16480	50
16480	134
16493	218
16496	57
16499	32
16499	76
16499	77
16499	103
16499	179
16522	36
16559	77
16561	155
16561	241
16567	22
16567	59
16572	231
16577	174
16591	132
16594	72
16601	103
16604	124
16606	37
16606	181
16632	37
16632	119
16632	153
16632	165
16632	206
16640	87
16645	56
16645	118
16645	213
16647	36
16651	134
16651	175
16671	60
16671	166
16674	131
16678	60
16708	92
16708	173
16724	10
16724	121
16724	208
16726	74
16727	15
16727	109
16727	176
16735	137
16743	25
16743	150
16754	9
16754	91
16754	96
16767	19
16767	55
16767	101
16799	67
16800	127
16803	28
16803	84
16803	85
16803	191
16816	7
16816	113
16816	145
16822	30
16839	138
16861	57
16881	137
16894	47
16894	106
16894	136
16894	141
16898	46
16902	94
16918	11
16920	138
16920	179
16935	118
16949	139
16961	196
16969	15
16972	159
17004	124
17012	81
17021	73
17029	67
17029	142
17029	148
17037	30
17037	67
17037	112
17037	180
17047	36
17050	26
17050	50
17053	89
17075	145
17087	10
17090	9
17090	101
17091	33
17091	70
17091	96
17091	134
17091	186
17105	16
17106	88
17106	112
17112	16
17113	19
17113	68
17113	130
17113	132
17113	133
17113	149
17113	163
17113	165
17113	173
17113	181
17113	194
17113	205
17113	215
17114	191
17114	194
17121	175
17129	49
17142	83
17150	21
17150	46
17150	65
17150	165
17164	85
17172	157
17184	124
17198	80
17199	205
17200	106
17205	26
17205	51
17205	72
17244	78
17246	220
17252	71
17252	162
17271	144
17273	244
17273	245
17276	73
17276	97
17276	154
17279	35
17279	89
17280	58
17280	154
17280	176
17300	42
17300	90
17312	144
17316	156
17316	219
17322	26
17322	87
17322	145
17322	179
17342	138
17348	26
17348	167
17348	200
17350	100
17350	104
17356	77
17356	165
17356	198
17373	164
17375	65
17391	195
17392	55
17392	99
17392	100
17399	203
17407	63
17407	129
17412	95
17413	6
17421	72
17429	131
17433	11
17435	88
17435	131
17435	146
17442	10
17442	149
17442	187
17442	199
17442	240
17444	23
17444	101
17444	150
17444	154
17469	64
17479	16
17489	31
17489	229
17498	182
17499	131
17514	81
17520	107
17520	235
17526	146
17526	230
17526	232
17526	246
17528	19
17530	11
17530	16
17536	102
17536	114
17550	45
17553	11
17553	49
17558	129
17581	68
17583	156
17583	203
17589	39
17592	31
17592	44
17592	183
17599	38
17610	19
17612	74
17615	28
17616	41
17625	100
17625	115
17625	157
17628	63
17628	134
17628	142
17641	207
17643	43
17643	98
17648	227
17659	37
17659	53
17663	108
17668	73
17668	90
17678	86
17680	109
17699	17
17707	90
17707	141
17707	183
17732	46
17750	53
17770	68
17807	9
17810	104
17826	117
17831	36
17833	29
17833	91
17838	88
17838	125
17842	9
17844	85
17867	139
17879	86
17885	71
17885	122
17885	138
17885	175
17885	215
17886	149
17894	80
17901	160
17909	100
17914	41
17918	52
17918	122
17929	159
17939	19
17945	176
17949	19
17949	46
17949	204
17949	210
17949	216
17949	217
17950	176
17951	204
17974	35
17974	78
17974	125
17974	142
17978	106
17980	76
17980	135
17985	47
17990	81
17993	75
17993	124
17999	23
18009	206
18014	43
18024	97
18036	166
18038	66
18038	123
18044	121
18048	92
18049	92
18058	7
18058	136
18058	193
18066	22
18066	201
18067	56
18076	129
18083	166
18095	116
18095	154
18107	38
18108	123
18120	19
18123	48
18123	163
18138	12
18139	37
18145	16
18154	82
18160	90
18160	145
18162	122
18172	83
18172	88
18194	183
18194	214
18207	73
18207	106
18207	171
18207	210
18214	81
18216	198
18219	173
18221	45
18221	49
18235	37
18235	158
18236	20
18236	87
18239	12
18239	191
18246	205
18252	250
18267	94
18270	43
18295	95
18301	95
18302	144
18313	197
18339	26
18339	96
18351	104
18351	124
18351	128
18351	151
18351	173
18352	104
18356	30
18356	43
18356	118
18371	15
18377	55
18377	163
18395	121
18401	84
18401	166
18406	32
18408	107
18408	216
18409	158
18410	80
18411	150
18428	74
18433	70
18449	102
18458	92
18458	180
18461	41
18463	15
18463	152
18463	161
18464	31
18464	58
18464	115
18471	104
18472	190
18482	205
18484	56
18484	71
18485	112
18486	137
18487	143
18508	129
18512	113
18528	108
18551	50
18551	74
18551	104
18555	92
18561	76
18566	157
18566	190
18571	95
18571	150
18571	164
18571	232
18579	176
18591	33
18592	40
18601	121
18605	45
18611	111
18624	54
18624	123
18624	170
18624	179
18633	14
18639	17
18644	59
18660	84
18664	225
18671	12
18674	44
18689	75
18696	175
18696	180
18696	197
18708	83
18708	92
18708	139
18709	166
18709	175
18709	213
18713	103
18713	132
18715	118
18716	17
18716	36
18716	78
18716	158
18723	127
18731	87
18737	50
18751	234
18774	58
18794	63
18806	96
18806	251
18809	141
18814	75
18821	36
18824	96
18824	140
18835	10
18861	11
18861	20
18861	56
18871	17
18871	243
18884	88
18884	92
18884	125
18887	45
18891	81
18918	25
18925	110
18926	9
18926	21
18926	46
18935	15
18935	17
18935	33
18966	36
18966	130
18966	166
18967	182
18969	41
18969	109
18971	103
18987	92
18991	41
18992	136
19001	94
19006	45
19008	191
19013	256
19023	163
19023	164
19032	82
19032	126
19039	40
19039	48
19039	99
19050	73
19052	148
19057	136
19073	193
19075	101
19084	196
19090	76
19094	152
19094	204
19102	171
19114	45
19119	128
19125	76
19129	121
19133	165
19142	66
19142	74
19142	102
19142	140
19142	149
19142	152
19142	194
19177	215
19189	43
19189	74
19193	93
19195	20
19203	121
19204	25
19204	136
19209	72
19213	143
19213	218
19239	90
19254	113
19254	138
19273	36
19274	31
19282	33
19299	19
19299	75
19312	102
19315	69
19321	11
19321	16
19321	66
19323	103
19329	103
19368	172
19376	20
19376	31
19380	77
19380	138
19394	254
19399	82
19399	133
19404	144
19408	236
19408	259
19412	93
19428	196
19450	91
19459	54
19459	203
19459	214
19460	23
19462	119
19462	216
19469	46
19492	120
19496	60
19496	79
19496	149
19505	10
19505	20
19505	94
19505	165
19505	175
19505	200
19505	246
19507	70
19507	171
19507	201
19510	78
19510	118
19525	122
19525	137
19531	73
19538	40
19538	69
19538	121
19538	162
19585	8
19585	69
19585	121
19591	76
19598	53
19598	79
19598	128
19598	162
19601	211
19619	10
19628	115
19628	152
19628	256
19648	28
19659	46
19665	86
19669	14
19671	42
19681	136
19711	45
19733	81
19740	65
19748	54
19751	198
19751	204
19753	35
19758	69
19758	148
19758	154
19758	184
19760	70
19777	117
19790	14
19790	63
19790	89
19790	151
19790	160
19790	179
19790	189
19791	13
19791	46
19791	59
19791	161
19798	54
19812	82
19812	118
19833	170
19838	7
19848	183
19848	210
19852	69
19880	116
19886	92
19893	39
19893	98
19893	99
19893	125
19894	27
19894	67
19894	97
19894	128
19894	156
19894	172
19894	177
19902	20
19902	66
19903	209
19904	9
19904	40
19907	20
19907	59
19919	74
19919	94
19919	107
19922	150
19926	125
19933	110
19933	145
19942	167
19943	254
19965	203
19966	7
19972	189
19972	198
19973	46
19973	52
19973	103
19981	58
19981	130
19981	142
19986	86
19998	162
19998	200
20007	130
20027	118
20062	97
20062	167
20070	146
20097	155
20098	220
20110	19
20118	44
20118	135
20118	147
20127	8
20128	75
20134	57
20134	116
20138	87
20142	10
20142	24
20142	123
20142	147
20142	153
20142	189
20142	201
20145	181
20147	105
20164	142
20166	96
20166	159
20178	52
20178	185
20184	23
20184	29
20184	105
20193	244
20199	59
20202	125
20219	151
20223	60
20223	125
20233	143
20233	144
20239	100
20239	178
20243	181
20248	163
20249	26
20249	52
20249	134
20250	46
20256	125
20272	222
20277	119
20281	106
20293	102
20294	13
20294	202
20297	61
20311	68
20316	140
20316	141
20320	44
20338	83
20340	104
20340	118
20345	97
20345	99
20353	82
20355	89
20355	102
20364	115
20376	22
20376	225
20383	140
20412	104
20448	169
20456	113
20458	18
20458	239
20458	248
20461	125
20483	158
20496	99
20499	55
20500	118
20500	206
20503	84
20516	128
20543	51
20543	52
20545	94
20560	52
20560	124
20560	144
20560	152
20563	96
20563	184
20575	101
20575	163
20575	181
20586	26
20590	33
20606	13
20615	14
20615	194
20615	225
20623	51
20623	66
20623	81
20623	219
20624	43
20624	140
20630	11
20656	83
20666	123
20666	225
20678	17
20679	149
20679	157
20679	255
20687	79
20692	81
20701	166
20701	192
20702	99
20704	95
20704	121
20735	121
20742	123
20742	132
20742	134
20743	49
20765	88
20787	92
20805	54
20805	91
20805	172
20805	241
20809	156
20809	176
20809	201
20809	223
20834	34
20851	187
20872	96
20875	55
20875	75
20875	85
20875	154
20903	99
20910	110
20922	170
20934	72
20943	118
20943	232
20944	153
20960	45
20960	82
20961	86
20970	61
20971	193
20971	209
20971	244
20989	233
20995	35
20995	44
20995	168
21014	144
21025	75
21025	120
21031	70
21031	178
21033	96
21053	188
21057	63
21057	100
21067	81
21071	129
21074	135
21075	123
21091	112
21091	193
21106	22
21106	69
21106	78
21106	145
21106	209
21112	182
21115	6
21115	62
21118	110
21123	49
21123	79
21143	211
21144	152
21145	42
21145	66
21145	75
21147	130
21147	168
21149	136
21149	166
21160	137
21168	85
21183	8
21185	54
21192	90
21196	49
21202	7
21212	28
21212	80
21216	100
21225	89
21225	199
21234	21
21234	166
21238	104
21252	95
21253	28
21254	138
21258	43
21259	61
21287	68
21291	10
21295	56
21298	105
21302	121
21331	63
21331	65
21341	74
21346	17
21365	23
21374	55
21377	112
21385	75
21404	64
21417	128
21452	7
21452	124
21469	158
21471	166
21477	59
21477	111
21477	129
21489	43
21489	68
21489	119
21489	142
21489	153
21490	184
21497	13
21497	40
21497	170
21497	184
21497	194
21499	187
21503	27
21518	54
21518	102
21518	156
21518	208
21518	241
21533	83
21536	64
21536	69
21552	101
21552	122
21552	185
21552	205
21566	131
21566	132
21576	177
21585	102
21592	36
21615	32
21616	34
21616	37
21616	156
21616	167
21619	32
21619	57
21642	166
21642	238
21643	40
21649	186
21658	6
21658	61
21658	154
21658	222
21661	16
21661	109
21661	112
21661	113
21661	133
21662	43
21662	163
21664	63
21670	185
21674	143
21685	74
21697	54
21699	9
21699	14
21699	107
21703	213
21724	62
21724	170
21728	22
21728	38
21729	7
21729	22
21729	28
21741	112
21745	49
21745	64
21745	107
21745	110
21745	157
21761	50
21765	50
21769	32
21769	49
21776	131
21778	16
21796	44
21805	165
21822	7
21822	19
21822	179
21822	237
21861	56
21882	40
21889	13
21895	215
21903	30
21912	142
21918	17
21918	75
21918	104
21919	205
21919	221
21922	37
21922	80
21922	82
21922	128
21922	165
21924	10
21926	75
21943	107
21944	17
21955	229
21958	41
21958	71
21958	82
21961	6
21961	35
21970	107
21982	16
21986	230
21990	75
21998	58
21998	115
22014	64
22014	158
22036	111
22041	13
22041	86
22041	103
22041	131
22041	154
22066	95
22069	159
22069	162
22069	172
22073	71
22073	100
22073	131
22075	101
22075	135
22075	163
22075	167
22079	141
22087	106
22087	132
22087	168
22087	198
22087	208
22097	114
22114	31
22114	144
22142	138
22150	44
22150	122
22167	80
22167	120
22167	142
22176	37
22189	6
22189	22
22206	82
22206	96
22225	124
22238	26
22238	91
22246	56
22276	11
22276	65
22276	103
22276	155
22276	213
22283	183
22283	190
22283	196
22283	202
22291	138
22291	160
22314	97
22317	69
22317	75
22319	158
22323	86
22327	10
22334	33
22334	96
22334	117
22334	188
22339	154
22342	17
22342	132
22342	156
22342	214
22345	111
22361	7
22361	45
22369	47
22371	178
22375	84
22398	47
22411	33
22412	14
22436	95
22439	61
22457	44
22457	123
22488	28
22488	60
22488	94
22502	63
22502	73
22502	119
22506	56
22511	7
22511	171
22515	63
22520	28
22522	226
22532	87
22536	25
22536	174
22542	24
22553	113
22554	47
22556	23
22556	95
22556	222
22562	68
22564	107
22569	227
22577	61
22577	91
22583	87
22600	239
22600	254
22627	22
22633	73
22633	118
22633	180
22633	254
22635	39
22635	76
22635	97
22638	16
22638	100
22642	49
22642	62
22642	69
22642	151
22676	79
22685	156
22694	21
22697	73
22697	199
22706	73
22706	96
22718	185
22723	25
22732	182
22733	33
22735	76
22735	125
22736	129
22736	171
22750	114
22750	118
22753	188
22764	103
22777	31
22777	130
22781	62
22794	11
22794	43
22794	47
22794	124
22796	94
22801	198
22809	29
22809	206
22809	231
22814	160
22820	232
22825	50
22826	22
22835	56
22836	34
22843	34
22843	37
22843	108
22843	153
22849	18
22849	137
22849	152
22871	154
22871	164
22877	51
22877	107
22881	187
22908	149
22912	53
22918	27
22924	121
22924	206
22924	215
22928	77
22941	37
22941	104
22941	143
22941	154
22947	114
22955	78
22965	190
22971	24
22972	69
22988	127
23007	52
23007	181
23009	61
23017	192
23019	69
23022	18
23022	30
23022	42
23022	56
23022	119
23022	136
23022	154
23022	166
23037	23
23040	122
23040	142
23042	82
23043	62
23043	63
23060	135
23062	107
23067	124
23076	20
23076	26
23076	71
23088	25
23089	167
23095	62
23103	28
23107	75
23107	98
23107	124
23108	65
23113	88
23122	98
23136	24
23139	12
23139	81
23140	50
23147	59
23147	75
23158	53
23165	11
23181	204
23184	111
23185	12
23193	96
23195	23
23195	62
23210	74
23228	24
23228	92
23228	97
23228	107
23241	109
23243	25
23249	135
23253	90
23255	33
23267	60
23268	29
23269	22
23269	151
23280	15
23280	128
23280	131
23292	132
23292	148
23292	150
23301	94
23304	7
23320	30
23320	40
23320	232
23332	23
23357	89
23357	189
23366	79
23367	191
23369	6
23369	114
23372	41
23372	109
23377	73
23386	44
23394	104
23406	173
23418	213
23418	214
23426	20
23426	46
23445	34
23445	60
23445	238
23447	71
23447	120
23454	35
23456	73
23456	142
23467	36
23467	53
23467	77
23467	104
23467	131
23468	101
23468	103
23468	128
23479	48
23494	19
23502	53
23509	134
23515	84
23551	10
23551	16
23551	164
23563	149
23567	92
23567	93
23572	64
23572	103
23572	112
23573	56
23573	149
23573	172
23573	226
23579	75
23579	163
23583	165
23585	108
23588	22
23588	52
23588	84
23588	154
23588	177
23588	188
23588	194
23588	229
23589	24
23589	96
23594	107
23594	120
23594	202
23600	54
23601	256
23605	127
23609	111
23618	126
23618	127
23626	120
23626	137
23641	45
23652	161
23654	31
23654	131
23654	154
23654	166
23670	85
23671	7
23690	111
23691	46
23698	85
23703	106
23728	7
23728	54
23728	61
23732	29
23732	43
23732	141
23732	157
23732	158
23743	159
23754	190
23759	115
23759	125
23776	75
23780	80
23780	157
23794	24
23807	21
23814	102
23815	23
23815	94
23817	26
23818	40
23827	116
23827	172
23840	195
23844	51
23869	69
23877	202
23899	44
23900	94
23900	111
23906	137
23919	158
23919	170
23919	217
23934	16
23942	80
23945	50
23945	80
23957	156
23969	208
23971	37
23984	25
23986	69
24008	137
24011	168
24017	139
24017	166
24023	39
24023	138
24024	32
24024	49
24024	198
24025	8
24028	42
24041	53
24041	223
24051	151
24055	192
24064	22
24122	251
24125	32
24138	36
24138	49
24138	84
24138	107
24138	131
24138	138
24145	130
24152	30
24154	153
24171	168
24171	196
24173	48
24184	252
24204	9
24204	73
24204	96
24206	22
24211	86
24222	162
24230	162
24230	204
24239	152
24247	110
24248	77
24250	62
24253	14
24253	16
24266	48
24266	175
24273	111
24281	224
24282	52
24282	77
24284	32
24286	131
24291	119
24292	87
24294	79
24296	185
24307	99
24311	56
24311	82
24324	107
24334	139
24347	34
24347	108
24352	42
24352	54
24352	226
24352	245
24358	127
24358	128
24358	129
24358	148
24359	114
24364	16
24364	26
24364	31
24364	172
24364	183
24364	201
24364	204
24364	210
24364	231
24373	27
24373	109
24380	53
24380	86
24383	51
24402	41
24412	38
24412	86
24412	118
24423	129
24423	182
24423	205
24423	210
24433	146
24433	185
24442	72
24452	84
24463	88
24463	209
24464	34
24464	149
24464	177
24464	196
24464	219
24466	129
24466	156
24466	165
24480	157
24495	101
24495	118
24495	204
24518	20
24518	25
24518	88
24518	95
24518	146
24518	189
24527	92
24534	199
24547	24
24547	121
24567	36
24578	216
24579	34
24579	53
24579	102
24609	65
24609	87
24609	158
24643	136
24653	12
24661	141
24663	110
24666	116
24668	53
24672	51
24677	15
24677	76
24684	20
24684	47
24684	64
24684	68
24684	130
24684	131
24684	138
24684	140
24685	31
24685	65
24690	21
24690	120
24697	68
24708	125
24716	117
24717	42
24717	56
24717	68
24717	93
24736	145
24746	59
24754	85
24756	154
24762	21
24762	62
24762	73
24762	103
24762	163
24771	63
24774	137
24779	41
24779	124
24784	254
24788	87
24794	108
24794	187
24818	41
24818	81
24819	18
24819	100
24819	153
24832	135
24836	118
24843	65
24843	114
24851	156
24851	170
24851	174
24851	177
24853	249
24872	115
24881	84
24887	99
24906	75
24906	116
24916	27
24919	230
24930	221
24931	18
24938	131
24948	23
24948	112
24956	68
24956	170
24959	19
24959	30
24959	87
24960	113
24968	41
24977	78
24979	68
24979	98
25016	38
25016	194
25018	77
25039	16
25040	147
25041	30
25042	151
25050	36
25050	144
25056	100
25057	51
25059	67
25059	82
25059	94
25059	142
25059	155
25059	157
25069	41
25096	96
25104	47
25104	188
25104	209
25123	126
25160	18
25163	166
25171	91
25204	19
25204	101
25215	58
25215	68
25236	72
25241	36
25242	39
25244	34
25244	63
25258	15
25262	16
25262	114
25270	132
25272	16
25272	57
25272	67
25272	117
25272	148
25277	10
25277	63
25277	124
25277	157
25277	195
25312	218
25321	105
25332	110
25332	228
25335	33
25339	32
25339	50
25339	188
25354	92
25363	26
25366	124
25366	169
25380	35
25381	46
25381	51
25391	13
25391	189
25407	191
25418	48
25418	150
25418	154
25432	99
25435	19
25444	107
25454	61
25454	117
25468	98
25468	209
25476	100
25478	40
25503	23
25503	102
25507	61
25512	137
25524	75
25524	155
25553	72
25553	83
25553	140
25553	150
25553	209
25553	212
25554	153
25556	85
25564	157
25574	169
25586	125
25589	39
25590	28
25590	66
25614	35
25625	66
25647	50
25653	36
25658	158
25666	94
25666	123
25666	232
25668	161
25675	49
25691	187
25694	13
25697	134
25731	84
25744	176
25763	110
25782	55
25782	133
25800	27
25800	86
25802	63
25802	64
25802	72
25810	142
25810	159
25820	140
25820	144
25826	202
25839	118
25839	208
25844	133
25859	64
25859	77
25859	130
25859	170
25859	187
25859	189
25860	104
25866	40
25866	54
25866	68
25866	159
25878	50
25878	115
25902	22
25902	111
25902	119
25908	221
25908	228
25918	174
25938	79
25948	39
25968	61
25973	51
25973	60
25977	129
25992	180
26018	67
26051	18
26064	21
26066	72
26070	43
26070	121
26070	225
26097	15
26109	74
26126	50
26163	87
26163	107
26163	139
26165	32
26165	60
26165	249
26178	138
26196	68
26211	66
26211	124
26214	151
26218	72
26218	140
26218	141
26218	198
26225	45
26226	132
26233	74
26264	27
26288	151
26320	13
26322	45
26340	23
26340	75
26343	146
26343	154
26353	36
26358	52
26358	140
26372	132
26391	61
26401	57
26423	78
26423	117
26423	129
26441	13
26441	34
26441	60
26441	78
26441	97
26446	123
26462	93
26462	98
26462	141
26462	151
26474	51
26479	59
26487	30
26487	61
26489	18
26499	137
26499	206
26504	31
26516	143
26540	83
26555	10
26555	82
26555	141
26557	72
26560	138
26560	146
26566	25
26566	78
26566	113
26585	60
26600	24
26604	93
26607	71
26613	126
26627	110
26627	168
26645	121
26650	58
26686	8
26686	71
26719	176
26721	95
26736	137
26797	136
26806	44
26806	121
26806	159
26816	140
26816	215
26816	247
26832	76
26865	102
26887	46
26891	78
26891	160
26892	154
26923	205
26924	97
26924	150
26937	100
26949	111
26961	188
26962	143
26977	7
26977	48
26989	122
27012	37
27016	85
27016	133
27025	15
27040	45
27064	46
27064	108
27080	100
27080	161
27113	19
27113	117
27133	12
27133	32
27133	65
27133	84
27133	102
27133	113
27133	132
27133	133
27135	34
27135	157
27135	212
27171	70
27178	19
27178	35
27178	46
27179	97
27181	100
27199	79
27207	51
27207	224
27224	15
27248	40
27288	79
27290	132
27298	132
27300	19
27300	70
27300	103
27300	105
27317	122
27325	160
27332	30
27332	163
27332	198
27332	199
27332	209
27358	33
27358	109
27426	90
27437	15
27440	81
27451	24
27451	125
27462	141
27481	76
27481	104
27490	20
27503	151
27507	207
27511	190
27517	96
27547	120
27554	120
27554	126
27562	21
27567	22
27570	127
27593	123
27593	152
27593	199
27603	83
27603	109
27604	81
27606	93
27629	254
27638	20
27638	36
27638	119
27638	133
27638	201
27641	141
27676	127
27678	67
27678	134
27678	144
27690	42
27719	98
27756	7
27758	102
27776	194
27782	237
27789	89
27793	121
27793	122
27828	86
27840	95
27840	129
27840	153
27840	154
27840	195
27865	92
27868	77
27868	78
27870	141
27877	76
27877	105
27890	12
27890	191
27894	18
27903	20
27903	26
27903	60
27903	129
27903	141
27903	184
27903	208
27903	209
27911	211
27915	143
27923	31
27938	67
27938	140
27947	49
27947	63
27947	153
27975	187
27976	124
27979	51
27993	72
27996	75
27998	110
28048	56
28048	57
28055	18
28067	90
28067	183
28092	204
28130	227
28139	90
28142	111
28155	45
28172	222
28179	34
28179	198
28188	14
28203	84
28220	52
28220	87
28220	145
28220	193
28220	227
28220	233
28225	188
28229	37
28257	32
28257	124
28257	131
28283	15
28294	73
28296	176
28300	35
28300	145
28308	37
28309	115
28309	159
28309	186
28321	190
28324	27
28324	78
28324	174
28326	92
28326	181
28332	6
28338	65
28344	193
28345	78
28352	23
28352	50
28403	110
28408	28
28425	23
28425	140
28425	238
28456	193
28456	197
28465	85
28470	78
28485	83
28486	50
28489	72
28489	174
28499	11
28499	146
28500	105
28523	36
28549	15
28560	166
28574	16
28581	93
28582	77
28586	51
28588	205
28608	43
28608	83
28608	186
28615	73
28640	17
28640	23
28640	24
28640	47
28640	65
28640	94
28640	111
28640	114
28640	131
28640	133
28640	161
28645	30
28666	204
28678	30
28678	158
28704	70
28704	86
28725	123
28727	210
28780	124
28803	168
28803	169
28808	49
28846	260
28850	98
28850	142
28863	24
28863	165
28863	232
28863	246
28868	110
28868	115
28868	121
28869	111
28871	95
28874	31
28878	82
28880	14
28880	71
28880	136
28894	173
28910	174
28914	113
28920	11
28920	139
28931	45
28931	65
28931	70
28931	93
28931	132
28931	166
28931	177
28931	217
28935	109
28938	208
28944	103
28944	122
28944	217
28944	230
28947	154
28954	86
28957	68
28957	215
28981	69
28982	26
28982	96
28993	35
28993	100
28993	115
28993	116
28993	134
29007	23
29011	51
29011	62
29011	137
29011	176
29034	42
29062	53
29062	114
29096	14
29096	80
29098	23
29101	180
29108	35
29112	39
29118	157
29132	141
29138	38
29171	19
29190	53
29262	96
29271	64
29307	231
29329	11
29329	66
29329	83
29329	85
29329	140
29329	178
29329	187
29405	249
29419	107
29422	28
29429	23
29429	26
29429	46
29429	55
29429	86
29429	115
29429	124
29429	160
29429	161
29451	20
29456	35
29459	50
29465	9
29478	13
29485	177
29485	196
29510	72
29510	73
29510	119
29549	8
29550	91
29561	34
29565	45
29571	6
29573	40
29587	100
29595	11
29595	117
29605	27
29605	28
29605	172
29611	141
29625	68
29659	183
29670	211
29684	15
29684	104
29692	86
29692	128
29692	141
29692	148
29692	153
29697	107
29697	118
29697	120
29710	81
29710	111
29710	153
29730	67
29732	117
29734	50
29734	118
29743	52
29743	137
29743	142
29743	179
29744	19
29744	140
29745	58
29746	88
29747	62
29747	66
29754	118
29755	38
29755	108
29771	75
29773	17
29773	202
29773	225
29775	14
29799	32
29799	37
29799	58
29799	111
29799	156
29810	44
29810	103
29853	168
29857	231
29867	209
29883	19
29885	180
29885	181
29888	32
29910	214
29939	204
29939	215
29944	75
29947	45
29947	47
29949	88
29949	154
29987	44
29993	13
29995	18
30002	26
30002	122
30025	22
30025	41
30025	59
30025	60
30025	83
30025	117
30034	69
30034	148
30042	116
30043	159
30068	124
30075	130
30090	7
30094	113
30094	175
30095	144
30124	254
30125	108
30128	214
30128	218
30128	222
30131	125
30136	216
30145	37
30145	46
30145	114
30176	35
30176	128
30193	25
30193	137
30195	35
30199	187
30211	143
30214	49
30218	36
30218	38
30218	67
30224	56
30224	210
30226	101
30229	53
30236	137
30254	6
30254	27
30262	117
30316	106
30317	98
30317	120
30317	124
30317	160
30317	199
30331	176
30336	82
30336	156
30344	100
30344	113
30350	225
30360	222
30362	144
30389	65
30391	169
30394	65
30401	29
30401	128
30408	50
30408	188
30431	106
30449	241
30475	40
30475	90
30476	71
30476	92
30476	101
30487	178
30487	179
30488	144
30488	181
30488	236
30495	140
30505	147
30510	140
30528	235
30530	19
30551	120
30555	52
30557	41
30565	221
30566	29
30571	95
30589	9
30590	29
30590	243
30615	16
30615	84
30615	106
30615	160
30615	167
30615	193
30629	118
30648	231
30667	96
30673	66
30742	144
30749	84
30750	248
30751	171
30754	139
30759	123
30761	19
30761	20
30761	121
30761	124
30761	214
30761	215
30761	257
30767	47
30767	69
30769	214
30772	14
30774	63
30779	10
30779	23
30779	66
30779	116
30784	174
30792	61
30792	88
30812	65
30820	41
30820	90
30830	43
30836	97
30853	10
30853	111
30853	143
30871	136
30883	83
30892	110
30916	120
30924	7
30924	38
30924	190
30935	201
30953	169
30972	50
30981	138
30984	14
30984	46
30991	73
30991	108
30992	7
30992	38
30999	116
31041	113
31041	164
31043	34
31043	67
31048	36
31050	164
31055	184
31055	207
31074	66
31074	77
31074	91
31074	117
31074	126
31083	47
31083	106
31083	118
31097	19
31107	106
31107	142
31109	42
31111	186
31114	36
31114	57
31114	145
31116	43
31116	122
31133	164
31145	89
31153	164
31153	247
31154	34
31206	90
31206	123
31206	133
31206	134
31209	20
31211	80
31253	116
31253	154
31259	78
31259	154
31261	30
31280	15
31309	195
31309	198
31329	83
31332	23
31332	41
31332	92
31332	104
31332	148
31332	149
31337	33
31345	114
31349	79
31349	80
31353	13
31353	140
31373	28
31373	58
31373	76
31373	77
31373	99
31373	161
31373	173
31373	188
31373	216
31373	224
31380	98
31401	58
31405	29
31405	133
31405	174
31405	201
31443	170
31465	52
31470	12
31475	148
31475	168
31475	183
31475	200
31478	205
31478	206
31478	207
31483	96
31496	73
31523	28
31529	64
31545	92
31558	157
31608	116
31608	127
31608	129
31626	36
31626	118
31626	124
31626	133
31628	31
31656	13
31666	109
31674	29
31685	65
31685	189
31689	125
31695	200
31707	203
31713	93
31713	122
31716	11
31716	81
31738	245
31742	120
31742	161
31742	181
31761	16
31762	151
31773	64
31773	224
31773	247
31778	150
31784	44
31785	62
31785	130
31785	190
31787	97
31833	195
31872	38
31872	91
31882	73
31899	10
31917	34
31917	52
31917	54
31932	54
31950	100
31959	59
31971	124
31975	22
31987	17
31989	48
32004	174
32007	73
32040	120
32049	10
32079	39
32086	136
32112	23
32112	80
32112	159
32112	184
32112	197
32112	223
32112	240
32132	74
32158	13
32161	46
32167	91
32167	98
32181	154
32186	74
32186	162
32204	148
32238	14
32238	41
32238	128
32238	178
32242	68
32242	109
32242	206
32262	216
32283	47
32283	141
32283	208
32286	179
32362	128
32362	176
32371	28
32371	150
32410	157
32421	160
32435	186
32438	16
32451	67
32451	103
32451	180
32467	15
32467	70
32524	11
32524	154
32526	127
32543	68
32619	150
32623	12
32623	109
32626	26
32633	72
32633	139
32646	46
32646	158
32646	227
32648	63
32654	59
32661	72
32684	112
32684	121
32690	8
32690	121
32690	143
32713	52
32747	7
32747	100
32747	105
32747	145
32747	166
32790	138
32834	165
32834	192
32846	109
32851	222
32872	32
32872	113
32872	173
32879	52
32879	77
32879	78
32904	25
32907	127
32921	79
32921	133
32921	211
32925	87
32946	128
32951	29
32951	83
32961	132
32989	128
32990	112
32990	158
32990	159
33043	17
33050	136
33050	176
33062	111
33076	61
33081	142
33082	44
33084	56
33084	86
33091	154
33106	13
33106	124
33125	64
33141	185
33156	76
33202	60
33203	17
33203	121
33220	20
33220	68
33223	114
33243	142
33259	112
33259	128
33270	100
33270	233
33271	140
33277	134
33314	154
33315	115
33374	89
33375	193
33378	87
33378	168
33410	8
33425	86
33443	143
33459	134
33461	41
33466	19
33466	135
33468	139
33475	84
33475	116
33476	113
33489	128
33506	172
33520	88
33524	141
33524	147
33537	87
33542	45
33547	194
33555	205
33558	149
33593	15
33593	27
33593	70
33593	152
33601	16
33603	32
33603	139
33603	140
33610	90
33619	36
33619	57
33653	90
33667	10
33674	67
33691	73
33698	39
33698	169
33698	174
33720	6
33784	27
33784	42
33784	103
33784	172
33784	180
33793	96
33794	69
33794	72
33801	91
33822	13
33822	31
33823	92
33824	51
33824	99
33825	48
33867	157
33870	60
33888	58
33888	94
33889	40
33905	147
33910	120
33926	8
33926	104
33943	8
33956	215
33968	73
33970	71
33970	89
33986	234
34001	81
34001	148
34001	163
34019	24
34021	61
34021	116
34028	121
34028	186
34068	159
34074	171
34085	107
34098	138
34106	67
34106	68
34106	195
34114	38
34117	60
34117	103
34117	122
34136	31
34143	25
34143	213
34149	25
34156	172
34162	27
34162	65
34162	186
34169	87
34256	112
34260	49
34279	144
34280	87
34282	53
34288	58
34288	166
34288	170
34289	43
34289	91
34289	120
34296	83
34296	200
34302	53
34302	84
34310	45
34310	58
34310	108
34321	182
34322	37
34322	121
34322	145
34322	228
34326	63
34337	153
34348	128
34350	13
34350	120
34350	221
34382	34
34400	29
34400	42
34400	166
34428	11
34433	24
34435	71
34462	97
34511	23
34511	101
34511	171
34516	209
34518	140
34518	223
34522	63
34532	56
34561	96
34566	55
34615	206
34623	155
34623	164
34658	29
34658	150
34666	82
34667	18
34672	103
34679	54
34688	35
34690	152
34711	240
34711	242
34774	155
34794	155
34795	112
34795	141
34799	178
34799	216
34799	232
34806	103
34806	130
34819	45
34860	52
34860	173
34861	157
34866	140
34876	21
34876	121
34894	35
34903	113
34908	120
34925	39
34925	71
34925	172
35029	14
35033	98
35060	171
35062	113
35085	132
35097	142
35119	46
35127	167
35162	47
35186	44
35186	90
35186	98
35186	105
35186	107
35186	128
35186	150
35207	236
35208	203
35211	16
35221	65
35221	108
35221	111
35221	154
35234	16
35237	91
35239	88
35269	54
35280	38
35292	92
35296	58
35296	59
35301	181
35301	224
35303	180
35304	216
35305	138
35305	169
35308	74
35308	117
35316	10
35316	21
35316	31
35316	66
35341	139
35349	143
35382	189
35398	177
35406	38
35406	191
35417	25
35419	33
35461	100
35467	24
35467	135
35480	15
35480	21
35482	96
35523	84
35525	31
35525	166
35529	87
35530	76
35572	51
35589	112
35591	37
35591	162
35600	23
35600	186
35603	18
35603	109
35603	131
35604	51
35615	13
35623	12
35623	59
35623	135
35633	156
35634	181
35634	217
35637	44
35637	54
35637	131
35652	70
35652	115
35652	152
35652	158
35652	162
35652	168
35652	181
35652	201
35679	108
35711	72
35711	76
35711	95
35723	100
35728	8
35728	36
35728	37
35736	112
35748	114
35779	111
35786	109
35789	36
35793	50
35809	152
35809	182
35828	11
35828	76
35829	106
35829	206
35829	233
35829	238
35829	245
35829	248
35831	94
35831	117
35831	130
35831	145
35848	30
35855	22
35855	145
35862	18
35862	112
35864	33
35864	84
35864	87
35865	28
35944	105
35944	235
35973	21
35988	28
35988	37
35999	205
36051	210
36225	14
36225	40
36225	169
36301	68
36322	205
36350	16
36397	179
36415	150
36415	195
36415	198
36675	235
36675	237
36786	144
36786	239
36807	19
36807	76
36807	182
36807	214
36807	239
37165	179
38139	12
38139	66
38139	97
39171	25
39171	95
39171	171
39171	177
39347	24
39347	40
39347	56
39347	122
39347	198
39409	166
40127	74
40288	28
40288	52
40288	214
40557	37
40557	49
40557	91
40557	105
40557	116
40557	147
40557	160
40557	180
40557	203
40870	86
41057	17
41057	57
41057	135
42140	11
42140	45
42140	50
42140	155
42140	161
42587	82
42587	134
42736	88
42749	88
43045	40
43062	19
43062	90
43062	163
44927	35
44927	134
45017	114
45908	72
47246	34
47246	70
47246	205
47246	242
47298	55
47491	95
47491	102
48056	173
48166	40
48409	22
48409	23
48409	158
48438	23
48438	31
48438	53
48688	67
49262	86
49262	129
49565	55
49644	26
49644	31
49644	98
49644	143
49819	13
49819	19
49819	24
49819	49
49819	63
50234	158
50415	88
51068	14
51068	26
51068	71
51068	158
51423	28
51545	169
51702	11
51702	46
51702	63
51702	82
52041	42
52535	40
52535	46
52535	87
52535	132
52535	140
52722	108
53094	10
53094	25
53094	63
53094	129
53519	35
53519	103
53729	23
53850	101
53850	161
53914	135
53974	25
54031	7
54099	8
54309	99
54309	114
54309	177
54309	188
54309	257
54387	152
54387	159
54387	160
54453	28
54453	118
54613	161
54634	118
54996	155
55251	168
55641	72
56146	15
56234	81
57016	139
57033	71
57033	74
57033	235
57419	140
57522	50
57522	90
57522	93
57522	152
57757	33
57858	8
57858	119
57858	140
57858	168
57867	91
58343	48
58343	49
58671	69
58671	140
58788	79
58820	65
58820	99
58820	160
59116	32
59116	180
59160	21
59160	101
59256	174
59340	129
59403	118
59403	255
59778	129
59914	41
60273	68
60521	91
60521	119
60521	156
60521	161
60521	167
60559	12
60559	17
60680	130
60680	187
60849	54
60849	86
60849	101
61359	37
61376	86
61376	145
61540	170
61671	42
61671	115
63303	87
63453	123
63453	135
63479	15
63521	38
63665	129
63735	81
63735	113
63735	145
64423	165
64465	99
64465	203
64594	114
64758	32
64758	63
65035	53
65836	56
65836	63
65836	64
65836	120
66186	72
66876	23
66876	114
67304	112
67437	13
67437	55
67437	62
67437	73
67437	101
67437	103
67437	176
67718	28
70193	31
70642	184
70738	17
70738	34
70738	38
70738	55
70738	64
70738	76
70813	53
71281	38
72075	21
72075	29
72075	122
73152	152
73205	36
73286	99
74229	46
74229	119
75699	125
76249	219
76385	42
76385	83
76385	160
76385	234
76909	225
76909	236
78220	67
78538	32
78538	109
78654	148
78886	35
78886	126
78886	145
79109	57
79159	58
79306	84
79306	87
79306	103
79306	119
79418	22
79418	66
79418	167
79418	231
79450	16
79696	186
79696	191
79723	219
79861	97
80007	47
80114	62
80114	117
80207	17
81534	128
81534	137
81534	141
81745	57
81745	91
83918	7
83918	98
84886	90
86724	69
86724	116
87383	111
91344	42
91344	207
92939	16
94481	41
94481	77
94481	110
94481	165
98099	98
98099	101
98426	148
100228	111
100228	115
102170	14
102170	22
102170	53
102351	119
102809	25
102809	128
103800	154
108345	129
117050	49
117794	121
132559	75
138291	62
138291	79
138291	85
138299	39
138299	43
138299	90
138299	125
148922	33
148922	35
148922	37
148922	42
148922	133
149011	10
150433	32
151035	60
151035	64
151035	103
151035	108
151990	120
152406	63
152762	53
152762	88
152762	143
152762	175
153356	104
155732	41
155732	56
155732	57
155732	70
155732	120
155732	197
161753	10
161753	157
162400	111
162400	120
162400	224
162400	232
164305	47
164997	64
165710	27
166230	33
166230	53
166230	68
166230	91
166230	153
166230	167
166230	206
168327	153
168327	154
179547	194
180218	29
180218	34
184154	86
184154	91
184374	46
184374	78
184374	121
184374	240
185383	115
185383	149
185383	150
185383	197
197349	32
197349	100
197349	119
197349	161
197455	33
197455	83
197455	99
197455	175
197455	197
197455	216
202084	16
233389	131
237641	87
237641	172
240186	102
240186	107
240186	142
266915	52
266915	159
305740	7
305740	25
305740	90
310406	38
310406	91
310406	147
310406	165
401855	52
401855	72
407604	58
407604	87
407604	88
407604	95
412185	16
412185	90
441596	124
572519	112
572519	172
579386	89
587892	136
587892	158
588069	30
589843	166
674113	44
674113	128
678243	34
678243	38
678243	154
689900	46
689900	59
689900	92
689900	119
698876	29
698876	112
698876	175
704432	103
707173	13
707173	95
707173	118
707173	148
707173	161
717047	112
721263	55
724258	23
727559	172
737397	154
745313	114
752867	125
765873	88
765873	145
765873	159
771550	33
771550	125
773795	116
774441	246
774441	251
776396	106
778710	69
778710	107
785645	62
785645	99
794257	76
794257	216
799742	74
807412	33
807412	106
808479	186
815820	66
818757	120
818757	157
826976	82
831773	104
831773	106
834152	20
836127	20
836127	22
836127	74
836127	109
846480	70
849856	117
849856	125
852162	94
852162	111
855706	119
855843	253
857319	152
857576	15
861902	139
890841	11
906674	32
912808	148
913003	43
916999	111
922592	23
923613	127
923613	186
939867	64
939867	118
940245	157
940245	219
940245	249
947210	53
947210	58
948549	106
948978	65
955700	32
955700	76
955767	16
955767	19
955767	95
955767	159
955767	176
977016	68
977016	136
977595	237
978489	6
978489	27
978489	68
978489	179
992703	90
1003825	32
1003825	150
1005619	42
1005619	180
1006249	126
1006249	199
1009593	80
1011811	132
1011884	95
1013928	128
1016960	38
1016960	76
1017661	22
1028055	149
1028915	97
1028915	106
1028915	192
1030643	161
1059959	42
1064053	20
1078175	82
1078175	151
1078899	20
1078962	66
1080695	136
1082808	165
1085694	73
1086497	87
1086497	88
1086497	166
1119298	99
1121295	40
1121295	157
1121295	208
1122232	98
1122821	10
1122821	27
1122821	36
1122821	91
1122821	248
1123627	39
1148820	114
1179128	47
1179337	51
1183256	104
1210360	112
1210360	114
1216663	139
1220226	197
1227020	15
1227020	63
1227020	80
1227020	86
1227020	108
1227020	120
1227346	164
1230750	180
1230750	198
1234384	85
1234912	26
1234912	111
1236092	84
1241120	102
1241120	106
1241120	113
1241120	133
1241120	179
1243358	118
1245569	153
1254203	117
1254879	36
1254879	46
1254879	182
1259815	64
1259815	158
1259815	159
1260085	67
1262729	132
1262729	141
1263432	91
1266848	60
1266951	19
1266951	28
1266951	123
1274875	191
1275157	13
1275157	25
1275157	49
1275157	209
1275297	72
1278592	51
1279403	33
1281313	69
1283320	126
1287481	120
1287481	123
1287481	158
1294976	60
1297132	139
1297132	140
1310466	47
1310466	146
1310731	83
1310731	123
1310754	60
1310754	76
1310754	93
1310754	145
1310754	182
1310754	192
1313035	149
1315716	183
1320017	188
1320017	256
1322226	37
1322226	102
1323753	97
1324348	8
1324381	177
1324381	229
1324381	232
1325224	217
1337495	30
1338012	94
1338072	12
1349102	207
1349697	106
1349697	196
1350214	155
1350214	195
1350318	8
1350318	18
1350318	57
1350318	103
1350318	112
1350514	108
1351984	116
1354554	77
1355097	121
1355097	186
1359112	47
1361548	176
1364978	142
1367004	154
1367449	35
1367485	67
1367485	148
1367485	157
1367485	211
1369066	19
1372030	25
1372030	61
1372030	70
1372185	31
1372185	60
1372415	104
1372650	84
1374109	95
1374109	194
1375901	132
1375901	152
1375927	206
1377883	11
1377883	57
1377883	144
1380332	29
1380332	88
1381560	147
1382326	78
1382601	143
1382601	156
1383012	112
1385111	22
1385111	197
1385111	203
1385810	131
1385810	134
1386368	184
1394973	100
1395286	26
1395286	44
1395286	115
1395286	166
1395286	204
1397226	90
1398248	174
1399065	114
1400721	57
1400922	54
1401346	215
1407567	105
1409947	10
1411392	17
1416529	16
1426855	115
1429744	26
1429744	103
1430191	32
1430191	87
1430191	199
1430191	200
1430489	60
1430552	10
1430552	124
1430552	141
1430552	146
1431038	17
1431083	113
1431083	147
1432805	87
1433077	180
1435141	86
1436373	24
1436373	40
1436373	117
1436373	158
1436373	186
1436774	137
1437021	99
1449045	33
1449089	149
1449089	196
1450306	178
1451328	148
1453611	99
1458021	74
1458021	108
1458021	181
1458021	234
1458556	113
1458556	190
1463541	35
1463541	132
1464176	153
1464916	78
1471286	71
1471286	92
1472136	64
1472136	136
1477530	111
1483215	107
1483786	22
1483786	122
1484744	14
1484744	15
1485694	9
1485694	123
1485694	127
1486830	27
1487483	160
1487483	184
1487696	21
1490526	79
1491405	174
1525132	104
1526422	136
1532119	120
1555803	166
1556140	42
1556980	126
1557138	43
1557138	100
1557203	53
1562267	251
1563394	59
1563394	65
1563394	74
1568446	41
1568646	97
1568646	229
1568646	234
1569058	36
1570919	119
1578720	138
1580333	99
1580794	49
1581302	106
1583522	22
1587943	150
1590053	216
1590058	138
1590060	16
1590060	28
1590060	116
1590524	38
1590672	94
1591392	127
1594801	82
1594801	191
1594801	212
1598479	30
1600187	73
1600733	189
1601010	89
1601866	66
1602296	203
1604298	63
1608468	86
1609340	32
1610692	66
1611365	90
1615093	61
1615093	179
1620650	46
1620650	196
1620821	228
1624912	57
1632702	49
1638668	10
1638668	107
1639040	12
1639172	67
1639172	209
1639982	67
1640442	139
1640533	143
1649982	25
1650196	183
1666800	186
1677072	19
1677072	113
1677111	116
1677222	35
1677255	32
1677255	160
1683030	68
1685198	229
1686033	81
1686033	130
1689656	180
1693703	167
1701224	225
1701224	240
1707243	182
1710132	126
1710132	153
1713424	148
1713424	187
1713424	189
1721280	164
1721280	170
